M 
20
N 
3
STANJA:
M Ix Iy
SIMBOLI:
A AA AC AG AT C CA CC CG CT G GA GC GG GT T TA TC TG TT
A
0.992684 0.00365814 0.00365814
0.0792515 0.920748 1e-008
0.0792515 1e-008 0.920748
E
7.63302e-013 0.311935 0.00865319 0.0293073 0.00556263 9.03016e-026 0.00788517 0.145865 0.00342322 0.0188099 1.40252e-246 0.0322835 0.00321909 0.208855 0.00424061 1.50035e-042 0.00547313 0.017415 0.00411849 0.192954
4.38609e-253 0.244392 0.0714314 0.0863493 0.0257259 9.11575e-242 0.054811 0.0182186 0.0334656 0.0392428 1.10794e-275 0.0810149 0.0149236 0.0587138 0.0210045 5.47041e-105 0.0454799 0.0539185 0.00324838 0.14806
0.290909 3.43877e-144 3.42541e-097 1.10536e-253 2.91477e-059 0.21039 1.23206e-068 3.84202e-038 2.85192e-037 8.40098e-044 0.257143 3.33651e-038 0 1.08065e-239 5.10074e-037 0.241558 5.90835e-110 4.50461e-153 5.39343e-116 6.52532e-289
pi
0 1e-008 1