M 
20
N 
3
STANJA:
M Ix Iy
SIMBOLI:
A AA AC AG AT C CA CC CG CT G GA GC GG GT T TA TC TG TT
A
0.99728 0.00135993 0.00135993
0.136033 0.863967 1e-008
0.136033 1e-008 0.863967
E
4.22909e-211 0.30893 0.0114461 0.031845 0.00645966 1.57001e-043 0.0099728 0.140186 0.00475975 0.0197189 1.47848e-145 0.0344515 0.0037398 0.202176 0.0049864 1.80854e-063 0.00725295 0.019039 0.00407978 0.190956
0.273625 5.00914e-022 2.51594e-129 1.41766e-065 1.90527e-083 0.209362 7.48104e-242 2.7206e-106 1.88785e-066 1.1161e-214 0.268448 1.2085e-285 5.39143e-290 3.64558e-243 3.16159e-135 0.248565 1.08407e-204 8.68362e-153 8.02295e-186 8.22226e-104
0.368361 1.68723e-099 4.96704e-052 2.14928e-126 4.43371e-023 0.214992 2.67699e-081 6.09258e-111 2.46153e-048 4.7944e-236 0.206484 1.59979e-219 1.01057e-150 1.88295e-149 1.32371e-214 0.210162 1.5025e-022 4.666e-194 5.73444e-052 1.80656e-261
pi
1e-008 1 2.4721e-059