M 
20
N 
3
STANJA:
M Ix Iy
SIMBOLI:
A AA AC AG AT C CA CC CG CT G GA GC GG GT T TA TC TG TT
A
0.99728 0.00135993 0.00135993
0.0758122 0.924188 1e-008
0.0758122 1e-008 0.924188
E
3.76962e-163 0.30893 0.0114461 0.031845 0.00645966 9.55101e-194 0.0099728 0.140186 0.00475975 0.0197189 1.55403e-217 0.0344515 0.0037398 0.202176 0.0049864 3.68852e-213 0.00725295 0.019039 0.00407978 0.190956
0.330406 1.38281e-210 1.89271e-081 1.11727e-297 2.57651e-157 0.146536 3.18253e-102 1.05264e-053 3.69701e-254 5.01402e-046 0.242511 1.61981e-206 0 1.09385e-043 2.82413e-169 0.280547 2.26934e-167 2.48111e-268 1.78347e-102 2.22765e-166
0.27509 1.23086e-069 2.83047e-180 4.91304e-185 1.49261e-028 0.235964 9.71833e-272 1.81357e-117 1.4355e-176 6.63029e-158 0.263003 3.79932e-242 3.29424e-078 5.42151e-108 2.17783e-290 0.225943 7.23546e-182 2.53951e-188 8.37405e-226 6.77881e-264
pi
0 1.0339e-112 1
