M 
20
N
3
STANJA
M Ix Iy
SIMBOLI
A AA AC AG AT C CA CC CG CT G GA GC GG GT T TA TC TG TT
<A>
0.998851 0.00080555 0.000343755
0.321987 0.678013 5.1081e-025
1.27585e-048 0.00202729 0.997973
<E>
1.11618e-052 0.329825 0.00606548 0.0225453 0.00457772 0 0.0066377 0.153583 0.0016022 0.00995655 1.07501e-029 0.0199131 0.00228886 0.216984 0.00320441 0.000225094 0.00411995 0.0112154 0.00331885 0.203938
0.467204 1.21083e-168 2.27007e-137 6.84546e-106 1.82316e-121 0.0427876 3.13467e-195 3.21273e-208 1.52256e-225 3.0511e-105 0.451452 9.04908e-067 0 8.00419e-076 2.32454e-179 0.0385567 1.24907e-159 1.20334e-137 4.38933e-120 3.50582e-198
0.26602 0 0 0 0 0.225616 0 0 0 0 0.275539 0 0 0 0 0.232826 0 0 0 0
<pi>
1 0 0