M
20
N
3
STANJA
M Ix Iy 
SIMBOLI
A AA AC AG AT C CA CC CG CT G GA GC GG GT T TA TC TG TT 
A
0.992071 0.00396452 0.00396452
0.0709497 0.92905 1e-008
0.0709497 1e-008 0.92905
E
7.16898e-274 0.31266 0.00807924 0.0293247 0.00561943 1.16643e-285 0.00737477 0.145024 0.00331344 0.0186756 1.94711e-148 0.0319121 0.00313215 0.210174 0.00418601 1.34495e-225 0.00505816 0.0170857 0.00414231 0.194238
7.52394e-077 0.250125 0.0645213 0.0715743 0.0197052 7.22674e-125 0.0509287 0.0639211 0.0275597 0.0361665 4.40628e-197 0.0744825 0.0133189 0.076097 0.017604 1.05612e-296 0.0418519 0.0498313 0.00309414 0.139218
0.290909 3.66734e-235 3.89833e-304 5.9532e-197 6.00383e-011 0.21039 3.19185e-185 2.69978e-253 7.3534e-144 3.62495e-181 0.257143 4.3174e-009 1.48981e-246 6.31287e-126 3.07395e-243 0.241558 2.36654e-169 7.88631e-182 1.39331e-307 1.38478e-285
pi
1e-008 0 1 
