M
20
N
3
STANJA
M Ix Iy 
SIMBOLI
A AA AC AG AT C CA CC CG CT G GA GC GG GT T TA TC TG TT 
<A>
0.9977970041688706 0.0011014979155646622 0.0011014979155646622
0.032592059061852884 0.9674079409381471 1e-08
0.032592059061852884 1e-08 0.9674079409381471
<E>
1e-08 0.3256948877742311 0.007073010082586006 0.022463393626184325 0.005073719410244718 1e-08 0.007073010082586006 0.1539139686882505 0.002736991437401834 0.01246998024015808 1e-08 0.022463393626184325 0.002736991437401834 0.212802350914526 0.0035202918376652987 1e-08 0.005073719410244718 0.01246998024015808 0.0035202918376652987 0.20091401935451184
0.277884327240036 1e-08 1e-08 1e-08 1e-08 0.2155528918189991 1e-08 1e-08 1e-08 1e-08 0.27698531615223254 1e-08 1e-08 1e-08 1e-08 0.2295774647887324 1e-08 1e-08 1e-08 1e-08
0.277884327240036 1e-08 1e-08 1e-08 1e-08 0.2155528918189991 1e-08 1e-08 1e-08 1e-08 0.27698531615223254 1e-08 1e-08 1e-08 1e-08 0.2295774647887324 1e-08 1e-08 1e-08 1e-08
<pi>
0.12727272727272726 0.43636363636363634 0.43636363636363634 