M
20
N
3
STANJA
M Ix Iy 
SIMBOLI
A AA AC AG AT C CA CC CG CT G GA GC GG GT T TA TC TG TT 
A
0.9977894767477516 0.001105261626124159 0.001105261626124159
0.03282499715104671 0.9671747396981877 2.631507656108375e-07
0.03282499715104671 2.631507656108375e-07 0.9671747396981877
E
1e-08 0.3239124871850215 0.008831817572784012 0.02611541058964718 0.006253378661185893 1e-08 0.008831817572784012 0.14730402570464315 0.003461988079767205 0.014927416444358169 1e-08 0.02611541058964718 0.003461988079767205 0.2047586152527412 0.00397715400505206 1e-08 0.006253378661185893 0.014927416444358169 0.00397715400505206 0.1968905411520051
0.28927853163967066 1e-08 1e-08 1e-08 1e-08 0.2171217252929644 1e-08 1e-08 1e-08 1e-08 0.27854259180449886 1e-08 1e-08 1e-08 1e-08 0.21505715126286606 1e-08 1e-08 1e-08 1e-08
0.28927853163967066 1e-08 1e-08 1e-08 1e-08 0.2171217252929644 1e-08 1e-08 1e-08 1e-08 0.27854259180449886 1e-08 1e-08 1e-08 1e-08 0.21505715126286606 1e-08 1e-08 1e-08 1e-08
pi
0.068625250501002 0.465687374749499 0.465687374749499 