M 
20
N 
3
STANJA
M Ix Iy
SIMBOLI
A AA AC AG AT C CA CC CG CT G GA GC GG GT T TA TC TG TT
A
0.99728 0.00135993 0.00135993
0.128847 0.871153 1e-008
0.128847 1e-008 0.871153
E
3.27514e-015 0.30893 0.0114461 0.031845 0.00645966 4.08375e-283 0.0099728 0.140186 0.00475975 0.0197189 1.37434e-166 0.0344515 0.0037398 0.202176 0.0049864 2.50386e-245 0.00725295 0.019039 0.00407978 0.190956
0.365338 3.75112e-169 2.01419e-143 2.5342e-315 2.26388e-152 0.207744 9.22922e-318 1.77146e-033 6.96392e-190 2.21354e-043 0.214441 3.49586e-244 1.06901e-098 2.64028e-279 3.72217e-220 0.212476 1.10087e-222 1.80555e-008 2.15677e-122 1.73861e-065
0.272698 1.5316e-322 6.43982e-087 1.52803e-159 5.84059e-304 0.211037 8.46346e-076 4.48903e-207 3.53768e-056 1.47385e-290 0.267591 1.17565e-234 2.51397e-154 1.20545e-123 4.38899e-309 0.248674 2.75114e-257 1.10524e-144 2.59745e-233 5.87635e-054
pi
1e-008 2.87276e-169 1